{
 "cells": [
  {
   "cell_type": "code",
   "execution_count": 36,
   "metadata": {},
   "outputs": [],
   "source": [
    "import numpy as np\n",
    "import pandas as pd\n",
    "import plotly\n",
    "import plotly.express as px\n",
    "import msfeastPipeline as msfeast\n",
    "import os"
   ]
  },
  {
   "cell_type": "code",
   "execution_count": 37,
   "metadata": {},
   "outputs": [],
   "source": [
    "test_data_directory = \"test_data\"\n",
    "filepath_test_spectra = os.path.join(test_data_directory, \"test_spectra.mgf\")\n",
    "filepath_test_quant_table = os.path.join(test_data_directory, \"test_quant_table.csv\")\n",
    "filepath_test_treat_table = os.path.join(test_data_directory, \"test_treat_table.csv\")"
   ]
  },
  {
   "cell_type": "code",
   "execution_count": 38,
   "metadata": {},
   "outputs": [],
   "source": [
    "treat_table = pd.read_csv(filepath_test_treat_table)\n",
    "quant_table = pd.read_csv(filepath_test_quant_table)\n",
    "pipeline = msfeast.Msfeast()\n",
    "pipeline.attach_spectral_data_from_file(filepath_test_spectra, identifier_key=\"scans\")\n",
    "pipeline.attach_quantification_table(quant_table)\n",
    "pipeline.attach_treatment_table(treat_table)"
   ]
  },
  {
   "cell_type": "code",
   "execution_count": 39,
   "metadata": {},
   "outputs": [],
   "source": [
    "pipeline.run_spectral_similarity_computations(\"ModifiedCosine\")"
   ]
  },
  {
   "cell_type": "code",
   "execution_count": 40,
   "metadata": {},
   "outputs": [
    {
     "name": "stdout",
     "output_type": "stream",
     "text": [
      "Kmedoid grid results. Use to inform kmedoid classification selection ilocs.\n",
      "    iloc   k  silhouette_score  random_seed_used\n",
      "0      0   3          0.248863                 0\n",
      "1      1   4          0.217128                 0\n",
      "2      2   5          0.217015                 0\n",
      "3      3   6          0.215879                 0\n",
      "4      4   7          0.245240                 0\n",
      "5      5   8          0.247320                 0\n",
      "6      6   9          0.246809                 0\n",
      "7      7  10          0.453825                 0\n",
      "8      8  12          0.388331                 0\n",
      "9      9  14          0.358659                 0\n",
      "10    10  16          0.323834                 0\n",
      "11    11  18          0.268399                 0\n",
      "12    12  20          0.223671                 0\n",
      "T-sne grid results. Use to inform t-sne embedding selection.\n",
      "   iloc  perplexity  pearson_score  spearman_score  random_seed_used\n",
      "0     0           5       0.655730        0.567051                 0\n",
      "1     1          10       0.692365        0.629262                 0\n",
      "2     2          15       0.797499        0.743424                 0\n",
      "3     3          20       0.803660        0.761191                 0\n",
      "4     4          25       0.820864        0.769216                 0\n"
     ]
    }
   ],
   "source": [
    "pipeline.run_and_attach_kmedoid_grid([3,4,5,6,7,8,9,10,12,14,16,18,20])\n",
    "pipeline.run_and_attach_tsne_grid([5,10,15,20,25])"
   ]
  },
  {
   "cell_type": "code",
   "execution_count": 41,
   "metadata": {},
   "outputs": [],
   "source": [
    "pipeline.select_kmedoid_settings(iloc = 7)\n",
    "pipeline.select_tsne_settings(iloc = 1)"
   ]
  },
  {
   "cell_type": "markdown",
   "metadata": {},
   "source": [
    "Plot Similarity matrix"
   ]
  },
  {
   "cell_type": "code",
   "execution_count": 42,
   "metadata": {},
   "outputs": [
    {
     "data": {
      "application/vnd.plotly.v1+json": {
       "config": {
        "plotlyServerURL": "https://plot.ly"
       },
       "data": [
        {
         "coloraxis": "coloraxis",
         "hovertemplate": "x: %{x}<br>y: %{y}<br>color: %{z}<extra></extra>",
         "name": "0",
         "type": "heatmap",
         "xaxis": "x",
         "yaxis": "y",
         "z": [
          [
           0.9999999999999998,
           0.7608106023999002,
           0.6473779332631385,
           0.7259231594798541,
           0.7988348720455126,
           0.8951789230750962,
           0.8921605110508231,
           0.8859514954522233,
           0.8525919696870674,
           0.7949717406341568,
           0.5641539673833382,
           0.4188493298967371,
           0.3570084566558259,
           0.26605359972035236,
           0.2542138258315159,
           0.050886432346184195,
           0.2921190276180006,
           0.20697163214284225,
           0.2593927452250819,
           0.18240807015095434,
           0.05142362117987972,
           0.00028997492046237654,
           0.14693771458503266,
           0,
           0.18808818508515812,
           0.36757687847977577,
           0.6554598728454218,
           0.6761208726850543,
           0.9292792329638077,
           0.7880194007308841
          ],
          [
           0.7608106023999002,
           1,
           0.5113482694619426,
           0.7101218073852728,
           0.5858121353219456,
           0.6694509495056536,
           0.667193659098606,
           0.6523474314949564,
           0.6514666512429794,
           0.5744949885975978,
           0.4976971093599383,
           0.2982966206700935,
           0.20753210087800614,
           0.16648746457844937,
           0.16464216541975601,
           0.2829444633852464,
           0.14842089403647393,
           0.1678216535100177,
           0.14731378614590424,
           0.23783744503294527,
           0.04621408879849211,
           0,
           0,
           0.043527759920824374,
           0.5795005342813446,
           0.004716372298532169,
           0.032379497872087874,
           0.011626128431604868,
           0.09013587863629695,
           0.22898210956579915
          ],
          [
           0.6473779332631385,
           0.5113482694619426,
           0.9999999999999998,
           0.5586136778720691,
           0.6044792913571891,
           0.6902260999925282,
           0.6865369396499547,
           0.6694892575424471,
           0.6653109675176765,
           0.6814062240317103,
           0.5286361674857337,
           0.3930671988057138,
           0.21147191584828104,
           0.17040449633813187,
           0.17944063881930358,
           0.2994024764262858,
           0.164229849353855,
           0.15511853882893636,
           0.1777163263888958,
           0.14475884099606776,
           0.040792359678467366,
           0,
           0,
           0,
           0.12891618526201223,
           0.00463219881000662,
           0.021161226577133353,
           0,
           0,
           0.27354253978576476
          ],
          [
           0.7259231594798541,
           0.7101218073852728,
           0.5586136778720691,
           1,
           0.7027286653603579,
           0.8099332641171795,
           0.8097853352725716,
           0.7871583147769242,
           0.8102310438702134,
           0.6950510738350736,
           0.4616872607265291,
           0.30655213430753114,
           0.25272034924853726,
           0.19112171486469093,
           0.19965843333457614,
           0.35379257242104306,
           0.16357000708205302,
           0.16766764699999692,
           0.16772917475266275,
           0.21232796115743838,
           0.057163746939114496,
           0,
           0,
           0,
           0.06755951803783893,
           0.008069343497867493,
           0.0289016047529046,
           0.004702197075199159,
           0.019083193672063115,
           0.2824272394620604
          ],
          [
           0.7988348720455126,
           0.5858121353219456,
           0.6044792913571891,
           0.7027286653603579,
           1,
           0.8665764160521218,
           0.8676995229085405,
           0.847644870708286,
           0.835148092024651,
           0.75036222168669,
           0.5397439806973381,
           0.3704792618437302,
           0.270744505094709,
           0.31195754160078554,
           0.21744360288687756,
           0.364842585707819,
           0.1917320103360947,
           0.23919510243365505,
           0.24994481458602516,
           0.25219543691353624,
           0.09266001884530232,
           0.07769410615101328,
           0,
           0,
           0.1137462618088306,
           0.005957543876799224,
           0.026791759318495534,
           0,
           0.0014883566902922727,
           0.30135044612824513
          ],
          [
           0.8951789230750962,
           0.6694509495056536,
           0.6902260999925282,
           0.8099332641171795,
           0.8665764160521218,
           1,
           0.9958231295270256,
           0.9706916266681942,
           0.9507061974449699,
           0.8613528961971108,
           0.5715753348801241,
           0.37802762712849314,
           0.3072669704209688,
           0.235869864745754,
           0.2457747351290273,
           0.4197019034584856,
           0.19984791464631063,
           0.2069580367274852,
           0.20533931122501406,
           0.2037526831015997,
           0.056529936677647975,
           0,
           0,
           0,
           0.08331165056632081,
           0.0067162191884023075,
           0.030681635615563925,
           0,
           0,
           0.3399831548121669
          ],
          [
           0.8921605110508231,
           0.667193659098606,
           0.6865369396499547,
           0.8097853352725716,
           0.8676995229085405,
           0.9958231295270256,
           1,
           0.9685704999570646,
           0.9475686949978885,
           0.8542186774746808,
           0.5674142463929283,
           0.3785896441641098,
           0.3066383499456271,
           0.23488883717219997,
           0.2448070315543561,
           0.42121961070915837,
           0.19927327775078518,
           0.20606375713565817,
           0.20478631713838769,
           0.20428716529233648,
           0.05633932602294997,
           0,
           0,
           0,
           0.0830307359007168,
           0.007374571387338353,
           0.03162216400371738,
           0.0012208150906882187,
           0,
           0.3405262006656446
          ],
          [
           0.8859514954522233,
           0.6523474314949564,
           0.6694892575424471,
           0.7871583147769242,
           0.847644870708286,
           0.9706916266681942,
           0.9685704999570646,
           0.9999999999999998,
           0.9250521942286107,
           0.8331649111309711,
           0.5868897444590446,
           0.3927844162694923,
           0.31130659783183173,
           0.24148118347829609,
           0.24144923376213712,
           0.4137055271013124,
           0.20387656747209218,
           0.2148137969623734,
           0.24440123872364558,
           0.2446838886967903,
           0.10017029608531679,
           0.0408872077214421,
           0.0037330562963562774,
           0.01725443333734669,
           0.08874720056809954,
           0.007688955480904949,
           0.0335418645464766,
           0.010164310880550401,
           0.0037856923629504533,
           0.33338341362984714
          ],
          [
           0.8525919696870674,
           0.6514666512429794,
           0.6653109675176765,
           0.8102310438702134,
           0.835148092024651,
           0.9507061974449699,
           0.9475686949978885,
           0.9250521942286107,
           1,
           0.8158565559793878,
           0.5719897456916591,
           0.450172118395766,
           0.29682883646597025,
           0.2928030549627605,
           0.23382529678227035,
           0.43723284170224463,
           0.26983136864082796,
           0.3168146609389611,
           0.2800459528916145,
           0.2170638648283481,
           0.08820590522692623,
           0.017957930966433357,
           0.08444710573974017,
           0,
           0.08059669571822844,
           0.006462164413341494,
           0.029345541030198288,
           0.002253021825052086,
           0,
           0.3237971434892134
          ],
          [
           0.7949717406341568,
           0.5744949885975978,
           0.6814062240317103,
           0.6950510738350736,
           0.75036222168669,
           0.8613528961971108,
           0.8542186774746808,
           0.8331649111309711,
           0.8158565559793878,
           1,
           0.327966283077624,
           0.6118969434686998,
           0.6337882330424647,
           0.5610934056951123,
           0.3004235477149921,
           0.6655401929405628,
           0.23266970275856172,
           0.1843022875727356,
           0.2565211383955135,
           0.18493316692230344,
           0.04851164278881052,
           0,
           0.00030119416958987276,
           0,
           0.07525418604954957,
           0.005857301069304713,
           0.03054548951595427,
           0.00455476700814873,
           0.0003054410051877673,
           0.39987920340649336
          ],
          [
           0.5641539673833382,
           0.4976971093599383,
           0.5286361674857337,
           0.4616872607265291,
           0.5397439806973381,
           0.5715753348801241,
           0.5674142463929283,
           0.5868897444590446,
           0.5719897456916591,
           0.327966283077624,
           1,
           0.8457461270560711,
           0.28807857129931186,
           0.27922515727997643,
           0.20048027528698187,
           0.07114875436038978,
           0.2898943839634138,
           0.20430339490690125,
           0.34897381564847185,
           0.25394180943875116,
           0.08483163829706232,
           0.04438462416972116,
           0.011149302944612744,
           0.009060714956578727,
           0.21232753173414487,
           0.008101956380651075,
           0.083914223124043,
           0.07000240024859736,
           0.0612084832852368,
           0.39058905750528694
          ],
          [
           0.4188493298967371,
           0.2982966206700935,
           0.3930671988057138,
           0.30655213430753114,
           0.3704792618437302,
           0.37802762712849314,
           0.3785896441641098,
           0.3927844162694923,
           0.450172118395766,
           0.6118969434686998,
           0.8457461270560711,
           1,
           0.2694227160325506,
           0.26894483867781144,
           0.15750651951765432,
           0.1443002963254705,
           0.37184202332827615,
           0.23567116108567782,
           0.47184236241072536,
           0.37409480089101727,
           0.12007268179999474,
           0.08869312304635424,
           0.018693644926485092,
           0,
           0.08995833210140373,
           0.0077849542885932745,
           0.03417905284268225,
           0.029121432484999373,
           0.0940002069703821,
           0.35669253085215213
          ],
          [
           0.3570084566558259,
           0.20753210087800614,
           0.21147191584828104,
           0.25272034924853726,
           0.270744505094709,
           0.3072669704209688,
           0.3066383499456271,
           0.31130659783183173,
           0.29682883646597025,
           0.6337882330424647,
           0.28807857129931186,
           0.2694227160325506,
           0.9999999999999998,
           0.6460052398063535,
           0.20590908248848822,
           0.2295950743681993,
           0.11045609294645739,
           0.10770495534720763,
           0.15729756048067955,
           0.15412559302046686,
           0.09131192255398762,
           0.10103497332122681,
           0.019746959625188524,
           0,
           0.0494983647680829,
           0.006456041858602146,
           0.032254428490481005,
           0.027429561175648914,
           0.010406207868298881,
           0.11521333424861771
          ],
          [
           0.26605359972035236,
           0.16648746457844937,
           0.17040449633813187,
           0.19112171486469093,
           0.31195754160078554,
           0.235869864745754,
           0.23488883717219997,
           0.24148118347829609,
           0.2928030549627605,
           0.5610934056951123,
           0.27922515727997643,
           0.26894483867781144,
           0.6460052398063535,
           0.9999999999999994,
           0.25115711174281624,
           0.1841517088943883,
           0.05588090758842508,
           0.13148756281004387,
           0.12295784410632986,
           0.1686802223214314,
           0.08051014449585261,
           0.047592235640853624,
           0.05684873797570655,
           0,
           0.027752596827543954,
           0.003350560290797121,
           0.019576371706456378,
           0.011739522613406212,
           0.00177549558136524,
           0.08436846715335256
          ],
          [
           0.2542138258315159,
           0.16464216541975601,
           0.17944063881930358,
           0.19965843333457614,
           0.21744360288687756,
           0.2457747351290273,
           0.2448070315543561,
           0.24144923376213712,
           0.23382529678227035,
           0.3004235477149921,
           0.20048027528698187,
           0.15750651951765432,
           0.20590908248848822,
           0.25115711174281624,
           1,
           0.12699656739743645,
           0.0679759664773538,
           0.051077436421439644,
           0.06710263242443663,
           0.07855276031559134,
           0.029958432719667475,
           0.01823874797939199,
           0.00597838162929425,
           0,
           0.03335848175800613,
           0.0036350321915886805,
           0.014775994466723416,
           0.008017124880329305,
           0.006062676766732194,
           0.09478003590332669
          ],
          [
           0.050886432346184195,
           0.2829444633852464,
           0.2994024764262858,
           0.35379257242104306,
           0.364842585707819,
           0.4197019034584856,
           0.42121961070915837,
           0.4137055271013124,
           0.43723284170224463,
           0.6655401929405628,
           0.07114875436038978,
           0.1443002963254705,
           0.2295950743681993,
           0.1841517088943883,
           0.12699656739743645,
           1,
           0.5353512679523316,
           0.41792407357319455,
           0.3860544443690535,
           0.13433540464887556,
           0.042486466749686376,
           0,
           0.010444135068640224,
           0,
           0.08424373661778188,
           0.009763932816500823,
           0.02950565468771495,
           0.47511088651718475,
           0.010591397297052935,
           0.15980841286884062
          ],
          [
           0.2921190276180006,
           0.14842089403647393,
           0.164229849353855,
           0.16357000708205302,
           0.1917320103360947,
           0.19984791464631063,
           0.19927327775078518,
           0.20387656747209218,
           0.26983136864082796,
           0.23266970275856172,
           0.2898943839634138,
           0.37184202332827615,
           0.11045609294645739,
           0.05588090758842508,
           0.0679759664773538,
           0.5353512679523316,
           1,
           0.8247508031806282,
           0.7456569768234256,
           0.1598788605258996,
           0.06213355110643696,
           0.04037265528060433,
           0.0763573207802353,
           0.003107238405821047,
           0.1002013826409773,
           0.009992402142632082,
           0.03220414192759227,
           0.05446671528997789,
           0.028577377023742034,
           0.14151862720694122
          ],
          [
           0.20697163214284225,
           0.1678216535100177,
           0.15511853882893636,
           0.16766764699999692,
           0.23919510243365505,
           0.2069580367274852,
           0.20606375713565817,
           0.2148137969623734,
           0.3168146609389611,
           0.1843022875727356,
           0.20430339490690125,
           0.23567116108567782,
           0.10770495534720763,
           0.13148756281004387,
           0.051077436421439644,
           0.41792407357319455,
           0.8247508031806282,
           1,
           0.7749822789226137,
           0.3245577711357308,
           0.28118780504176943,
           0.21988575323418302,
           0.21708990027805153,
           0,
           0.032859367833741555,
           0.024956825811607096,
           0.06142723434556905,
           0.0769378684791091,
           0.0013461577971153106,
           0.1270182732981748
          ],
          [
           0.2593927452250819,
           0.14731378614590424,
           0.1777163263888958,
           0.16772917475266275,
           0.24994481458602516,
           0.20533931122501406,
           0.20478631713838769,
           0.24440123872364558,
           0.2800459528916145,
           0.2565211383955135,
           0.34897381564847185,
           0.47184236241072536,
           0.15729756048067955,
           0.12295784410632986,
           0.06710263242443663,
           0.3860544443690535,
           0.7456569768234256,
           0.7749822789226137,
           1,
           0.6063105347925286,
           0.6521855935697534,
           0.5964554352790677,
           0.04395961151889816,
           0,
           0.057541871005936725,
           0.007230359449668125,
           0.02364172393449148,
           0.03393297795232043,
           0.017589800595628816,
           0.1570445015784938
          ],
          [
           0.18240807015095434,
           0.23783744503294527,
           0.14475884099606776,
           0.21232796115743838,
           0.25219543691353624,
           0.2037526831015997,
           0.20428716529233648,
           0.2446838886967903,
           0.2170638648283481,
           0.18493316692230344,
           0.25394180943875116,
           0.37409480089101727,
           0.15412559302046686,
           0.1686802223214314,
           0.07855276031559134,
           0.13433540464887556,
           0.1598788605258996,
           0.3245577711357308,
           0.6063105347925286,
           1,
           0.695514521893867,
           0.6690180107525592,
           0.08445066061802055,
           0,
           0.020851235232159402,
           0.005627318042574957,
           0.013915533849354027,
           0.009983859125058985,
           0.05255158691747755,
           0.07952565473112459
          ],
          [
           0.05142362117987972,
           0.04621408879849211,
           0.040792359678467366,
           0.057163746939114496,
           0.09266001884530232,
           0.056529936677647975,
           0.05633932602294997,
           0.10017029608531679,
           0.08820590522692623,
           0.04851164278881052,
           0.08483163829706232,
           0.12007268179999474,
           0.09131192255398762,
           0.08051014449585261,
           0.029958432719667475,
           0.042486466749686376,
           0.06213355110643696,
           0.28118780504176943,
           0.6521855935697534,
           0.695514521893867,
           0.9999999999999999,
           0.779536237253297,
           0.22558512748844264,
           0,
           0.005084708319984155,
           0.0008491560046641668,
           0.002352859159357684,
           0.0006317345406250343,
           0,
           0.020343590167532594
          ],
          [
           0.00028997492046237654,
           0,
           0,
           0,
           0.07769410615101328,
           0,
           0,
           0.0408872077214421,
           0.017957930966433357,
           0,
           0.04438462416972116,
           0.08869312304635424,
           0.10103497332122681,
           0.047592235640853624,
           0.01823874797939199,
           0,
           0.04037265528060433,
           0.21988575323418302,
           0.5964554352790677,
           0.6690180107525592,
           0.779536237253297,
           1,
           0.1998441228622054,
           0,
           0,
           0.0005048568624558034,
           0.0006633895181998612,
           0,
           0.0006730862130204874,
           0.0011893393246173824
          ],
          [
           0.14693771458503266,
           0,
           0,
           0,
           0,
           0,
           0,
           0.0037330562963562774,
           0.08444710573974017,
           0.00030119416958987276,
           0.011149302944612744,
           0.018693644926485092,
           0.019746959625188524,
           0.05684873797570655,
           0.00597838162929425,
           0.010444135068640224,
           0.0763573207802353,
           0.21708990027805153,
           0.04395961151889816,
           0.08445066061802055,
           0.22558512748844264,
           0.1998441228622054,
           1,
           0,
           0.028611745314118014,
           0.15142069016024692,
           0.2826689065620485,
           0.3079603316548332,
           0.12234978280078201,
           0.35398745485007094
          ],
          [
           0,
           0.043527759920824374,
           0,
           0,
           0,
           0,
           0,
           0.01725443333734669,
           0,
           0,
           0.009060714956578727,
           0,
           0,
           0,
           0,
           0,
           0.003107238405821047,
           0,
           0,
           0,
           0,
           0,
           0,
           1,
           0.003925604779501543,
           0,
           0,
           0,
           0,
           0
          ],
          [
           0.18808818508515812,
           0.5795005342813446,
           0.12891618526201223,
           0.06755951803783893,
           0.1137462618088306,
           0.08331165056632081,
           0.0830307359007168,
           0.08874720056809954,
           0.08059669571822844,
           0.07525418604954957,
           0.21232753173414487,
           0.08995833210140373,
           0.0494983647680829,
           0.027752596827543954,
           0.03335848175800613,
           0.08424373661778188,
           0.1002013826409773,
           0.032859367833741555,
           0.057541871005936725,
           0.020851235232159402,
           0.005084708319984155,
           0,
           0.028611745314118014,
           0.003925604779501543,
           1,
           0.008086298605478173,
           0.025897428652836518,
           0.02580527239081724,
           0.02216607686360589,
           0.04749707676821854
          ],
          [
           0.36757687847977577,
           0.004716372298532169,
           0.00463219881000662,
           0.008069343497867493,
           0.005957543876799224,
           0.0067162191884023075,
           0.007374571387338353,
           0.007688955480904949,
           0.006462164413341494,
           0.005857301069304713,
           0.008101956380651075,
           0.0077849542885932745,
           0.006456041858602146,
           0.003350560290797121,
           0.0036350321915886805,
           0.009763932816500823,
           0.009992402142632082,
           0.024956825811607096,
           0.007230359449668125,
           0.005627318042574957,
           0.0008491560046641668,
           0.0005048568624558034,
           0.15142069016024692,
           0,
           0.008086298605478173,
           0.9999999999999998,
           0.8852314277693071,
           0.34360077447937976,
           0.39224556850104425,
           0.7038988891125687
          ],
          [
           0.6554598728454218,
           0.032379497872087874,
           0.021161226577133353,
           0.0289016047529046,
           0.026791759318495534,
           0.030681635615563925,
           0.03162216400371738,
           0.0335418645464766,
           0.029345541030198288,
           0.03054548951595427,
           0.083914223124043,
           0.03417905284268225,
           0.032254428490481005,
           0.019576371706456378,
           0.014775994466723416,
           0.02950565468771495,
           0.03220414192759227,
           0.06142723434556905,
           0.02364172393449148,
           0.013915533849354027,
           0.002352859159357684,
           0.0006633895181998612,
           0.2826689065620485,
           0,
           0.025897428652836518,
           0.8852314277693071,
           0.9999999999999996,
           0.9961983019828349,
           0.6829832483562067,
           0.6457356255743804
          ],
          [
           0.6761208726850543,
           0.011626128431604868,
           0,
           0.004702197075199159,
           0,
           0,
           0.0012208150906882187,
           0.010164310880550401,
           0.002253021825052086,
           0.00455476700814873,
           0.07000240024859736,
           0.029121432484999373,
           0.027429561175648914,
           0.011739522613406212,
           0.008017124880329305,
           0.47511088651718475,
           0.05446671528997789,
           0.0769378684791091,
           0.03393297795232043,
           0.009983859125058985,
           0.0006317345406250343,
           0,
           0.3079603316548332,
           0,
           0.02580527239081724,
           0.34360077447937976,
           0.9961983019828349,
           0.9999999999999998,
           0.7014488625266191,
           0.6715271118982756
          ],
          [
           0.9292792329638077,
           0.09013587863629695,
           0,
           0.019083193672063115,
           0.0014883566902922727,
           0,
           0,
           0.0037856923629504533,
           0,
           0.0003054410051877673,
           0.0612084832852368,
           0.0940002069703821,
           0.010406207868298881,
           0.00177549558136524,
           0.006062676766732194,
           0.010591397297052935,
           0.028577377023742034,
           0.0013461577971153106,
           0.017589800595628816,
           0.05255158691747755,
           0,
           0.0006730862130204874,
           0.12234978280078201,
           0,
           0.02216607686360589,
           0.39224556850104425,
           0.6829832483562067,
           0.7014488625266191,
           0.9999999999999998,
           0.8378229861049904
          ],
          [
           0.7880194007308841,
           0.22898210956579915,
           0.27354253978576476,
           0.2824272394620604,
           0.30135044612824513,
           0.3399831548121669,
           0.3405262006656446,
           0.33338341362984714,
           0.3237971434892134,
           0.39987920340649336,
           0.39058905750528694,
           0.35669253085215213,
           0.11521333424861771,
           0.08436846715335256,
           0.09478003590332669,
           0.15980841286884062,
           0.14151862720694122,
           0.1270182732981748,
           0.1570445015784938,
           0.07952565473112459,
           0.020343590167532594,
           0.0011893393246173824,
           0.35398745485007094,
           0,
           0.04749707676821854,
           0.7038988891125687,
           0.6457356255743804,
           0.6715271118982756,
           0.8378229861049904,
           0.9999999999999997
          ]
         ]
        }
       ],
       "layout": {
        "coloraxis": {
         "colorscale": [
          [
           0,
           "#0d0887"
          ],
          [
           0.1111111111111111,
           "#46039f"
          ],
          [
           0.2222222222222222,
           "#7201a8"
          ],
          [
           0.3333333333333333,
           "#9c179e"
          ],
          [
           0.4444444444444444,
           "#bd3786"
          ],
          [
           0.5555555555555556,
           "#d8576b"
          ],
          [
           0.6666666666666666,
           "#ed7953"
          ],
          [
           0.7777777777777778,
           "#fb9f3a"
          ],
          [
           0.8888888888888888,
           "#fdca26"
          ],
          [
           1,
           "#f0f921"
          ]
         ]
        },
        "height": 700,
        "margin": {
         "t": 60
        },
        "template": {
         "data": {
          "bar": [
           {
            "error_x": {
             "color": "#2a3f5f"
            },
            "error_y": {
             "color": "#2a3f5f"
            },
            "marker": {
             "line": {
              "color": "#E5ECF6",
              "width": 0.5
             },
             "pattern": {
              "fillmode": "overlay",
              "size": 10,
              "solidity": 0.2
             }
            },
            "type": "bar"
           }
          ],
          "barpolar": [
           {
            "marker": {
             "line": {
              "color": "#E5ECF6",
              "width": 0.5
             },
             "pattern": {
              "fillmode": "overlay",
              "size": 10,
              "solidity": 0.2
             }
            },
            "type": "barpolar"
           }
          ],
          "carpet": [
           {
            "aaxis": {
             "endlinecolor": "#2a3f5f",
             "gridcolor": "white",
             "linecolor": "white",
             "minorgridcolor": "white",
             "startlinecolor": "#2a3f5f"
            },
            "baxis": {
             "endlinecolor": "#2a3f5f",
             "gridcolor": "white",
             "linecolor": "white",
             "minorgridcolor": "white",
             "startlinecolor": "#2a3f5f"
            },
            "type": "carpet"
           }
          ],
          "choropleth": [
           {
            "colorbar": {
             "outlinewidth": 0,
             "ticks": ""
            },
            "type": "choropleth"
           }
          ],
          "contour": [
           {
            "colorbar": {
             "outlinewidth": 0,
             "ticks": ""
            },
            "colorscale": [
             [
              0,
              "#0d0887"
             ],
             [
              0.1111111111111111,
              "#46039f"
             ],
             [
              0.2222222222222222,
              "#7201a8"
             ],
             [
              0.3333333333333333,
              "#9c179e"
             ],
             [
              0.4444444444444444,
              "#bd3786"
             ],
             [
              0.5555555555555556,
              "#d8576b"
             ],
             [
              0.6666666666666666,
              "#ed7953"
             ],
             [
              0.7777777777777778,
              "#fb9f3a"
             ],
             [
              0.8888888888888888,
              "#fdca26"
             ],
             [
              1,
              "#f0f921"
             ]
            ],
            "type": "contour"
           }
          ],
          "contourcarpet": [
           {
            "colorbar": {
             "outlinewidth": 0,
             "ticks": ""
            },
            "type": "contourcarpet"
           }
          ],
          "heatmap": [
           {
            "colorbar": {
             "outlinewidth": 0,
             "ticks": ""
            },
            "colorscale": [
             [
              0,
              "#0d0887"
             ],
             [
              0.1111111111111111,
              "#46039f"
             ],
             [
              0.2222222222222222,
              "#7201a8"
             ],
             [
              0.3333333333333333,
              "#9c179e"
             ],
             [
              0.4444444444444444,
              "#bd3786"
             ],
             [
              0.5555555555555556,
              "#d8576b"
             ],
             [
              0.6666666666666666,
              "#ed7953"
             ],
             [
              0.7777777777777778,
              "#fb9f3a"
             ],
             [
              0.8888888888888888,
              "#fdca26"
             ],
             [
              1,
              "#f0f921"
             ]
            ],
            "type": "heatmap"
           }
          ],
          "heatmapgl": [
           {
            "colorbar": {
             "outlinewidth": 0,
             "ticks": ""
            },
            "colorscale": [
             [
              0,
              "#0d0887"
             ],
             [
              0.1111111111111111,
              "#46039f"
             ],
             [
              0.2222222222222222,
              "#7201a8"
             ],
             [
              0.3333333333333333,
              "#9c179e"
             ],
             [
              0.4444444444444444,
              "#bd3786"
             ],
             [
              0.5555555555555556,
              "#d8576b"
             ],
             [
              0.6666666666666666,
              "#ed7953"
             ],
             [
              0.7777777777777778,
              "#fb9f3a"
             ],
             [
              0.8888888888888888,
              "#fdca26"
             ],
             [
              1,
              "#f0f921"
             ]
            ],
            "type": "heatmapgl"
           }
          ],
          "histogram": [
           {
            "marker": {
             "pattern": {
              "fillmode": "overlay",
              "size": 10,
              "solidity": 0.2
             }
            },
            "type": "histogram"
           }
          ],
          "histogram2d": [
           {
            "colorbar": {
             "outlinewidth": 0,
             "ticks": ""
            },
            "colorscale": [
             [
              0,
              "#0d0887"
             ],
             [
              0.1111111111111111,
              "#46039f"
             ],
             [
              0.2222222222222222,
              "#7201a8"
             ],
             [
              0.3333333333333333,
              "#9c179e"
             ],
             [
              0.4444444444444444,
              "#bd3786"
             ],
             [
              0.5555555555555556,
              "#d8576b"
             ],
             [
              0.6666666666666666,
              "#ed7953"
             ],
             [
              0.7777777777777778,
              "#fb9f3a"
             ],
             [
              0.8888888888888888,
              "#fdca26"
             ],
             [
              1,
              "#f0f921"
             ]
            ],
            "type": "histogram2d"
           }
          ],
          "histogram2dcontour": [
           {
            "colorbar": {
             "outlinewidth": 0,
             "ticks": ""
            },
            "colorscale": [
             [
              0,
              "#0d0887"
             ],
             [
              0.1111111111111111,
              "#46039f"
             ],
             [
              0.2222222222222222,
              "#7201a8"
             ],
             [
              0.3333333333333333,
              "#9c179e"
             ],
             [
              0.4444444444444444,
              "#bd3786"
             ],
             [
              0.5555555555555556,
              "#d8576b"
             ],
             [
              0.6666666666666666,
              "#ed7953"
             ],
             [
              0.7777777777777778,
              "#fb9f3a"
             ],
             [
              0.8888888888888888,
              "#fdca26"
             ],
             [
              1,
              "#f0f921"
             ]
            ],
            "type": "histogram2dcontour"
           }
          ],
          "mesh3d": [
           {
            "colorbar": {
